0.0  0.0  0.0
0.02  0.0  462.3573
0.04  0.0  683.0197
0.06  0.0  812.7234
0.08  0.0  887.6181
0.1  0.0  932.3759
0.12  0.0  957.8122
0.14  0.0  974.2329
0.16  0.0  984.1747
0.18  0.0  989.8892
0.2  0.0  994.918
0.22  0.0  996.821
0.24  0.0  998.0551
0.26  0.0  998.3897
0.28  0.0  999.0183
0.3  0.0  999.8333
0.32  0.0  999.7853
0.34  0.0  999.8464
0.36  0.0  1000.0
0.38  0.0  999.9985
0.4  0.0  999.9858
0.42  0.0  1000.0
0.44  0.0  999.9817
0.46  0.0  1000.0
0.48  0.0  1000.0
0.5  0.0  1000.0
0.52  0.0001  999.9717
0.54  0.0  1000.0
0.56  0.0001  999.9805
0.58  0.0  1000.0
0.6  0.0001  999.9504
0.62  0.0004  999.9061
0.64  0.0006  999.8547
0.66  0.0008  999.824
0.68  0.0017  999.6487
0.7  0.0024  999.438
0.72  0.0035  998.9971
0.74  0.005  998.7049
0.76  0.008  997.9885
0.78  0.0128  996.099
0.8  0.0176  994.6671
0.82  0.031  989.7977
0.84  0.0477  983.566
0.86  0.0676  974.1731
0.88  0.1068  955.9974
0.9  0.1518  932.1349
0.92  0.2323  882.2798
0.94  0.3275  816.9589
0.96  0.4827  682.7219
0.98  0.6995  456.8211
1.0  1.0  0.0
