0.0  0.0  0.0
0.02  0.0053  65.3059
0.04  0.0111  127.7663
0.06  0.0189  175.5737
0.08  0.024  225.9273
0.1  0.0349  268.5907
0.12  0.0429  315.7045
0.14  0.0565  354.2284
0.16  0.0631  387.5202
0.18  0.0749  417.6537
0.2  0.0813  448.4328
0.22  0.0932  470.4374
0.24  0.1081  507.7541
0.26  0.12  525.6645
0.28  0.1382  553.1358
0.3  0.1455  568.6179
0.32  0.1563  578.3272
0.34  0.172  602.1137
0.36  0.1926  612.1513
0.38  0.2051  618.116
0.4  0.2249  638.4317
0.42  0.2303  643.2396
0.44  0.2581  646.3156
0.46  0.2689  652.7394
0.48  0.2955  652.3498
0.5  0.3117  653.3304
0.52  0.3348  647.8473
0.54  0.3461  644.8696
0.56  0.3785  644.3257
0.58  0.3966  643.337
0.6  0.422  629.5455
0.62  0.4343  621.781
0.64  0.4611  608.8213
0.66  0.486  604.0789
0.68  0.5131  585.1818
0.7  0.5388  565.1389
0.72  0.5529  556.0453
0.74  0.5929  521.767
0.76  0.6266  498.2254
0.78  0.6457  480.2047
0.8  0.6681  458.7914
0.82  0.701  423.3295
0.84  0.7406  385.1589
0.86  0.7644  352.2835
0.88  0.7966  313.9276
0.9  0.8288  271.8653
0.92  0.8598  231.6339
0.94  0.9019  172.0441
0.96  0.9305  121.9427
0.98  0.9653  67.5074
1.0  1.0  0.0
