0.0  0.0  0.0
0.02  0.0218  95.2976
0.04  0.0369  176.8247
0.06  0.06  270.7914
0.08  0.0806  332.4254
0.1  0.0998  416.8862
0.12  0.1171  461.2829
0.14  0.142  536.1881
0.16  0.1587  591.9181
0.18  0.1783  641.5026
0.2  0.1948  701.2415
0.22  0.2165  731.5273
0.24  0.2381  784.6402
0.26  0.2595  828.2886
0.28  0.2809  847.78
0.3  0.301  873.4091
0.32  0.3296  929.9824
0.34  0.3489  937.3041
0.36  0.3552  978.1216
0.38  0.3812  976.8939
0.4  0.3854  987.8365
0.42  0.4278  1006.5814
0.44  0.44  1033.505
0.46  0.4648  1029.9581
0.48  0.4756  1047.3677
0.5  0.4874  1030.6388
0.52  0.5244  1024.1967
0.54  0.5415  1034.6423
0.56  0.5777  1018.2539
0.58  0.5783  1005.6947
0.6  0.6012  1009.9695
0.62  0.6193  993.0567
0.64  0.6503  966.0024
0.66  0.662  943.9494
0.68  0.6888  919.871
0.7  0.7078  875.8907
0.72  0.7244  838.7559
0.74  0.739  831.4712
0.76  0.7607  796.7434
0.78  0.7817  747.818
0.8  0.8015  705.5239
0.82  0.8184  643.7066
0.84  0.8401  598.5062
0.86  0.8656  538.4305
0.88  0.8787  477.1944
0.9  0.897  409.443
0.92  0.9151  334.7176
0.94  0.9372  272.5708
0.96  0.9598  177.5262
0.98  0.9794  102.7002
1.0  1.0  0.0
